10  2023  2944.32   914.79  1924.55  104.98  205085.21
11  2023  2943.85   923.34  1916.00  104.51  204161.87
12  2023  2940.02   993.49  1845.85  100.68  203168.38
01  2024  2942.87   941.25  1898.09  103.53  202227.13
02  2024  2942.39   950.04  1889.30  103.05  201227.09
03  2024  2935.29  1080.23  1759.11   95.95  200196.86
04  2024  2941.36   969.01  1870.33  102.02  199227.85
05  2024  2937.59  1038.10  1801.24   98.25  198189.75
06  2024  2940.34   987.76  1851.58  101.00  197201.99
07  2024  2936.59  1056.42  1782.92   97.25  196145.57
08  2024  2939.29  1006.86  1832.48   99.95  195138.71
09  2024  2938.78  1016.26  1823.08   99.44  194122.45
10  2024  2935.07  1084.26  1755.08   95.73  193038.19
11  2024  2937.71  1035.89  1803.45   98.37  192002.30
12  2024  2934.03  1103.43  1735.91   94.69  190898.87
01  2025  2936.62  1055.87  1783.47   97.28  189843.00
02  2025  2936.08  1065.74  1773.60   96.74  188777.26
03  2025  2926.23  1246.37  1592.97   86.89  187530.89
04  2025  2934.90  1087.34  1752.00   95.56  186443.55
05  2025  2931.28  1153.69  1685.65   91.94  185289.86
06  2025  2933.76  1108.28  1731.06   94.42  184181.58
07  2025  2930.17  1174.14  1665.20   90.83  183007.44
08  2025  2932.60  1129.60  1709.74   93.26  181877.84
09  2025  2932.02  1140.15  1699.19   92.68  180737.69
10  2025  2928.47  1205.27  1634.07   89.13  179532.42
11  2025  2930.83  1162.06  1677.28   91.49  178370.36
12  2025  2927.30  1226.68  1612.66   87.96  177143.68
01  2026  2929.61  1184.38  1654.96   90.27  175959.30
02  2026  2929.01  1195.45  1643.89   89.67  174763.85
03  2026  2919.78  1364.62  1474.72   80.44  173399.23
04  2026  2927.70  1219.36  1619.98   88.36  172179.87
05  2026  2924.25  1282.65  1556.69   84.91  170897.22
06  2026  2926.43  1242.74  1596.60   87.09  169654.48
07  2026  2923.01  1305.48  1533.86   83.67  168349.00
08  2026  2925.13  1266.55  1572.79   85.79  167082.45
09  2026  2924.48  1278.38  1560.96   85.14  165804.07
10  2026  2921.11  1340.29  1499.05   81.77  164463.78
11  2026  2923.15  1302.84  1536.50   83.81  163160.94
12  2026  2919.80  1364.19  1475.15   80.46  161796.75
01  2027  2921.79  1327.76  1511.58   82.45  160468.99
02  2027  2921.11  1340.16  1499.18   81.77  159128.83
03  2027  2912.58  1496.55  1342.79   73.24  157632.28
04  2027  2919.67  1366.67  1472.67   80.33  156265.61
05  2027  2916.40  1426.53  1412.81   77.06  154839.08
06  2027  2918.24  1392.76  1446.58   78.90  153446.32
07  2027  2915.01  1452.02  1387.32   75.67  151994.30
08  2027  2916.79  1419.34  1420.00   77.45  150574.96
09  2027  2916.07  1432.60  1406.74   76.73  149142.36
10  2027  2912.89  1490.93  1348.41   73.55  147651.43
11  2027  2914.58  1459.91  1379.43   75.24  146191.52
12  2027  2911.43  1517.61  1321.73   72.09  144673.91
01  2028  2913.06  1487.73  1351.61   73.72  143186.18
02  2028  2912.31  1501.63  1337.71   72.97  141684.55
03  2028  2906.88  1601.06  1238.28   67.54  140083.49
04  2028  2910.73  1530.61  1308.73   71.39  138552.88
05  2028  2907.67  1586.67  1252.67   68.33  136966.21
06  2028  2909.14  1559.74  1279.60   69.80  135406.47
07  2028  2906.12  1615.12  1224.22   66.78  133791.35
08  2028  2907.52  1589.40  1249.94   68.18  132201.95
09  2028  3035.88  1726.17  1242.34   67.37  130475.78
10  2028  3032.85  1574.39  1394.12   64.34  128901.39
11  2028  3034.20  1545.30  1423.21   65.69  127356.09
12  2028  3031.32  1607.72  1360.79   62.81  125748.37
01  2029  3032.59  1580.11  1388.40   64.08  124168.26
02  2029  3031.78  1597.56  1370.95   63.27  122570.70
03  2029  3024.93  1746.16  1222.35   56.42  120824.54
04  2029  3030.08  1634.47  1334.04   61.57  119190.07
05  2029  3027.29  1694.97  1273.54   58.78  117495.10
06  2029  3028.38  1671.24  1297.27   59.87  115823.86
07  2029  3025.63  1730.94  1237.57   57.12  114092.92
08  2029  3026.65  1708.80  1259.71   58.14  112384.12
09  2029  3025.78  1727.67  1240.84   57.27  110656.45
10  2029  3023.08  1786.15  1182.36   54.57  108870.30
11  2029  3023.99  1766.46  1202.05   55.48  107103.84
12  2029  3021.33  1824.11  1144.40   52.82  105279.73
01  2030  3022.16  1806.11  1162.40   53.65  103473.62
02  2030  3021.24  1826.05  1142.46   52.73  101647.57
03  2030  3015.30  1954.82  1013.69   46.79   99692.75
04  2030  3019.31  1867.79  1100.72   50.80   97824.96
05  2030  3016.75  1923.26  1045.25   48.24   95901.70
06  2030  3017.38  1909.65  1058.86   48.87   93992.05
07  2030  3014.86  1964.21  1004.30   46.35   92027.84
08  2030  3015.41  1952.42  1016.09   46.90   90075.42
09  2030  3014.41  1973.98   994.53   45.90   88101.44
10  2030  3011.96  2027.15   941.36   43.45   86074.29
11  2030  3012.37  2018.16   950.35   43.86   84056.13
12  2030  3009.96  2070.38   898.13   41.45   81985.75
01  2031  3010.29  2063.30   905.21   41.78   79922.45
02  2031  3009.24  2086.08   882.43   40.73   77836.37
03  2031  3004.34  2192.28   776.23   35.83   75644.09
04  2031  3007.06  2133.32   835.19   38.55   73510.77
05  2031  3004.76  2183.05   785.46   36.25   71327.72
06  2031  3004.86  2180.97   787.54   36.35   69146.75
07  2031  3002.61  2229.68   738.83   34.10   66917.07
08  2031  3002.61  2229.67   738.84   34.10   64687.40
09  2031  3001.47  2254.29   714.22   32.96   62433.11
10  2031  2999.30  2301.42   667.09   30.79   60131.69
11  2031  2999.15  2304.59   663.92   30.64   57827.10
12  2031  2997.03  2350.63   617.88   28.52   55476.47
01  2032  2996.78  2355.99   612.52   28.27   53120.48
02  2032  2995.58  2382.00   586.51   27.07   50738.48
03  2032  2992.70  2444.44   524.07   24.19   48294.04
04  2032  2993.12  2435.29   533.22   24.61   45858.75
05  2032  2991.13  2478.51   490.00   22.62   43380.24
06  2032  2990.62  2489.54   478.97   22.11   40890.70
07  2032  2988.68  2531.60   436.91   20.17   38359.10
08  2032  2988.06  2544.98   423.53   19.55   35814.12
09  2032  2986.76  2573.08   395.43   18.25   33241.04
10  2032  2984.90  2613.33   355.18   16.39   30627.71
11  2032  2984.12  2630.35   338.16   15.61   27997.36
12  2032  2982.32  2669.36   299.15   13.81   25328.00
01  2033  2981.42  2688.86   279.65   12.91   22639.14
02  2033  2980.05  2718.55   249.96   11.54   19920.59
03  2033  2977.68  2769.85   198.66    9.17   17150.74
04  2033  2977.25  2779.15   189.36    8.74   14371.59
05  2033  2975.60  2814.95   153.56    7.09   11556.64
06  2033  2974.40  2840.91   127.60    5.89    8715.73
07  2033  2972.81  2875.38    93.13    4.30    5840.35
08  2033  2971.49  2904.03    64.48    2.98    2936.32
09  2033  2970.24  2936.32    32.42    1.50       0.00
00  0000     0        0        0       0          0
00  00  355978.51  206000.00  142600.40  7378.11  0.00